# Deep40 Performance Metrics 
Epochs to run:200
Last epoch early :200
Early stop epoch early :138
Training_time:2568.4608936309814
Training Loss: [0.1571119874715805, 0.1064198687672615, 0.09230909496545792, 0.08604659885168076, 0.08214978128671646, 0.07777471840381622, 0.07493782043457031, 0.07309494912624359, 0.07069484144449234, 0.06924254447221756, 0.06808147579431534, 0.06606805324554443, 0.06503354012966156, 0.06446591019630432, 0.06356711685657501, 0.06266417354345322, 0.06148039177060127, 0.06033892184495926, 0.059456467628479004, 0.05849258229136467, 0.05852391943335533, 0.05778809264302254, 0.05671307444572449, 0.05675842612981796, 0.056533366441726685, 0.05484839901328087, 0.05588337406516075, 0.054977890104055405, 0.054548073559999466, 0.054271403700113297, 0.05291782319545746, 0.052811525762081146, 0.052788302302360535, 0.05206306278705597, 0.05138084292411804, 0.050512976944446564, 0.05021277815103531, 0.04974556341767311, 0.04911969229578972, 0.04962778091430664, 0.0480673722922802, 0.04869696870446205, 0.04863468185067177, 0.04767904058098793, 0.047024037688970566, 0.04780331626534462, 0.047251395881175995, 0.046635910868644714, 0.04571375250816345, 0.04633157700300217, 0.0453241802752018, 0.04489206522703171, 0.04536834731698036, 0.04511786997318268, 0.04424984008073807, 0.04505662992596626, 0.04393992945551872, 0.043538112193346024, 0.04282654821872711, 0.04215031489729881, 0.04189091548323631, 0.04196782410144806, 0.042102161794900894, 0.04143192246556282, 0.040651217103004456, 0.04115034267306328, 0.040681857615709305, 0.03997039794921875, 0.03949953243136406, 0.04003533348441124, 0.03855830803513527, 0.03846359625458717, 0.03908485546708107, 0.039250876754522324, 0.03848184272646904, 0.03838327154517174, 0.03782990947365761, 0.03744268789887428, 0.03773171082139015, 0.037563227117061615, 0.03650650382041931, 0.036583561450242996, 0.037424251437187195, 0.03710808977484703, 0.03640439733862877, 0.035846587270498276, 0.03656561300158501, 0.035730890929698944, 0.03591033071279526, 0.035038504749536514, 0.03455033898353577, 0.035215746611356735, 0.03440732881426811, 0.033891674131155014, 0.03465813025832176, 0.033364638686180115, 0.03395012393593788, 0.033707451075315475, 0.03355976939201355, 0.03283077850937843, 0.03312227874994278, 0.03248126059770584, 0.032670438289642334, 0.03196226432919502, 0.031602855771780014, 0.03186840936541557, 0.03238627687096596, 0.030746815726161003, 0.03180074691772461, 0.030940629541873932, 0.03140750899910927, 0.031035996973514557, 0.030781056731939316, 0.03085409291088581, 0.03115835227072239, 0.029764758422970772, 0.029232697561383247, 0.029523447155952454, 0.02890578657388687, 0.02946019545197487, 0.028651051223278046, 0.028679324313998222, 0.02951774001121521, 0.02822376973927021, 0.02831936813890934, 0.02844763919711113, 0.028090422973036766, 0.02852565608918667, 0.027323778718709946, 0.028344282880425453, 0.027381056919693947, 0.02794678322970867, 0.02732968144118786, 0.027637675404548645, 0.027421755716204643, 0.02794804982841015, 0.027091218158602715, 0.026340657845139503]
Training Accuracy: [0.9271923303604126, 0.9548506736755371, 0.9618757367134094, 0.9645698666572571, 0.9661887884140015, 0.9679808616638184, 0.9694982171058655, 0.9701911807060242, 0.971373975276947, 0.9720788598060608, 0.9725567698478699, 0.9729390740394592, 0.9733213782310486, 0.9738888740539551, 0.9745041728019714, 0.9743010997772217, 0.9752748012542725, 0.9756929278373718, 0.9755794405937195, 0.9763380885124207, 0.9763380885124207, 0.9765352606773376, 0.9767443537712097, 0.9768458604812622, 0.977246105670929, 0.9778972268104553, 0.977712094783783, 0.9778255820274353, 0.9782078862190247, 0.9780943989753723, 0.9786917567253113, 0.9787455201148987, 0.9785423874855042, 0.9790441989898682, 0.9793369174003601, 0.9798267483711243, 0.9795041680335999, 0.9800119400024414, 0.9806331992149353, 0.9802030920982361, 0.9806092977523804, 0.9806212782859802, 0.9805914163589478, 0.9809438586235046, 0.9813799262046814, 0.9807766079902649, 0.9814157485961914, 0.9814516305923462, 0.9817920923233032, 0.9816786050796509, 0.9819294810295105, 0.9819474220275879, 0.9821027517318726, 0.9822520613670349, 0.9824850559234619, 0.9819355010986328, 0.9824910163879395, 0.9825925827026367, 0.9830645322799683, 0.983536422252655, 0.9833154082298279, 0.9835543632507324, 0.9834766983985901, 0.9837156534194946, 0.9838470816612244, 0.9837037324905396, 0.984026312828064, 0.9841158986091614, 0.9844922423362732, 0.984002411365509, 0.9847909212112427, 0.9846177101135254, 0.9845101833343506, 0.9847132563591003, 0.9851254224777222, 0.985137403011322, 0.9850896000862122, 0.9852568507194519, 0.9854540228843689, 0.9852628707885742, 0.9854599833488464, 0.9852030873298645, 0.985197126865387, 0.9853345155715942, 0.9859617948532104, 0.9857825636863708, 0.9858243465423584, 0.9860274791717529, 0.9857944846153259, 0.9860752820968628, 0.9865830540657043, 0.9859976172447205, 0.9864994287490845, 0.9866188764572144, 0.9863201975822449, 0.9871266484260559, 0.987043023109436, 0.9867801666259766, 0.9867383241653442, 0.9869474172592163, 0.9870310425758362, 0.9872879385948181, 0.9872580766677856, 0.9876822233200073, 0.9875746965408325, 0.9876822233200073, 0.9872341752052307, 0.9878972768783569, 0.9875149130821228, 0.9879629611968994, 0.9877180457115173, 0.9878613948822021, 0.9878554344177246, 0.9880167245864868, 0.9878613948822021, 0.9882078766822815, 0.9885185360908508, 0.9883034825325012, 0.9885483980178833, 0.9884766936302185, 0.9888411164283752, 0.9889426231384277, 0.9883751273155212, 0.9890322685241699, 0.9888650178909302, 0.9890322685241699, 0.9889844655990601, 0.9891158938407898, 0.989510178565979, 0.9890024065971375, 0.9893309473991394, 0.9891397953033447, 0.9894026517868042, 0.9893906712532043, 0.9893548488616943, 0.9888888597488403, 0.9897849559783936, 0.9900417923927307]
Validation Loss: 0.05259189382195473
Validation Accuracy: 0.9810752868652344
Epoch with Maximum Validation Accuracy: 130
Maximum Validation Accuracy: 0.9820430278778076
Epoch with Minimum Validation Loss: 87
Minimum Validation Loss: 0.05259189382195473
Test Accuracy: 0.981505376344086
Precision: 0.9884380453752182
Recall: 0.9744086021505376
F1 Score: 0.9813731860515487
ROC AUC Score: 0.9983440397733842
Average Precision: 0.998424380608851
Confusion Matrix:
[[4597   53]
 [ 119 4531]]

# System Information
CPU Usage Before Prediction: 6.7
Memory Usage Before Prediction: 8133308416
CPU Usage After Prediction: 4.8
Memory Usage After Prediction: 8134434816
Prediction Time: 1.0686924457550049 seconds
Validation Loss: 0.05259189382195473
Validation Accuracy: 0.9810752868652344
Validation Precision: 0.9897110332749562
Validation Recall: 0.9722580645161291
Validation F1 Score: 0.9809069212410502
Validation ROC AUC Score: 0.9982230546884032
Validation Average Precision Score: 0.9983253531914603
Validation Confusion Matrix:
[[4603   47]
 [ 129 4521]]
