# Shallow 40 Performance Metrics 
Epochs to run:200
Last epoch early :200
Early stop epoch early :101
Training_time:715.6501667499542
Training Loss: [0.1751628816127777, 0.1470671147108078, 0.14077186584472656, 0.13643968105316162, 0.13205456733703613, 0.12668663263320923, 0.12104814499616623, 0.11620226502418518, 0.11156921088695526, 0.10834559798240662, 0.10626447945833206, 0.10381851345300674, 0.10171432793140411, 0.1008325144648552, 0.09840942919254303, 0.09728292375802994, 0.0959576964378357, 0.09652239084243774, 0.09484878927469254, 0.094021275639534, 0.09319519251585007, 0.0947633683681488, 0.09280460327863693, 0.09285402297973633, 0.09173033386468887, 0.09186474978923798, 0.09130833297967911, 0.09400464594364166, 0.09176497906446457, 0.09239989519119263, 0.09053421765565872, 0.09133931994438171, 0.09068411588668823, 0.09187479317188263, 0.09025732427835464, 0.09146613627672195, 0.09108360856771469, 0.09024760127067566, 0.09109240025281906, 0.09088081866502762, 0.08985378593206406, 0.0913819819688797, 0.08972414582967758, 0.0928410068154335, 0.09163760393857956, 0.09143083542585373, 0.09112505614757538, 0.09200679510831833, 0.09270384162664413, 0.09115418791770935, 0.09113746136426926, 0.09250080585479736, 0.09148909896612167, 0.09277710318565369, 0.09160445630550385, 0.0909685418009758, 0.09124870598316193, 0.09121863543987274, 0.09234948456287384, 0.09137225896120071, 0.09026774764060974, 0.09195510298013687, 0.09220784157514572, 0.09345077723264694, 0.09632711857557297, 0.09263554960489273, 0.09124159812927246, 0.09133124351501465, 0.09176936000585556, 0.09106279909610748, 0.0943484678864479, 0.09245233237743378, 0.09195668995380402, 0.09303108602762222, 0.09184140712022781, 0.09056171029806137, 0.09078778326511383, 0.09085112065076828, 0.09508704394102097, 0.09361226111650467, 0.09220863878726959, 0.09254930913448334, 0.09442543983459473, 0.09284334629774094, 0.0937383696436882, 0.09332021325826645, 0.09427938610315323, 0.09262922406196594, 0.09235094487667084, 0.09254686534404755, 0.09355445951223373, 0.09462904185056686, 0.09430563449859619, 0.09499333053827286, 0.09257446229457855, 0.09503649920225143, 0.09533059597015381, 0.09576430916786194, 0.09305162727832794, 0.09452877193689346, 0.09455682337284088]
Training Accuracy: [0.9209617972373962, 0.9360215067863464, 0.9399820566177368, 0.9423536658287048, 0.9445340633392334, 0.9472819566726685, 0.9500059485435486, 0.9532437324523926, 0.955471932888031, 0.9579330682754517, 0.9589964151382446, 0.9604122042655945, 0.9614396691322327, 0.962347686290741, 0.9627837538719177, 0.9636678695678711, 0.9641875624656677, 0.9647192358970642, 0.9654361009597778, 0.9655615091323853, 0.9660513997077942, 0.9663739800453186, 0.9664157629013062, 0.9668757319450378, 0.9672162532806396, 0.9674611687660217, 0.9676523208618164, 0.9677240252494812, 0.967562735080719, 0.9680107235908508, 0.96844083070755, 0.9683333039283752, 0.9689605832099915, 0.9685961604118347, 0.9696117043495178, 0.9687753915786743, 0.9692473411560059, 0.9697312116622925, 0.9697670340538025, 0.9700716733932495, 0.9701254367828369, 0.9699103832244873, 0.9702807664871216, 0.9701075553894043, 0.9701851606369019, 0.9702867269515991, 0.9704360961914062, 0.9703763723373413, 0.9708482623100281, 0.9704659581184387, 0.9708184003829956, 0.9708542227745056, 0.97110515832901, 0.971200704574585, 0.9712963104248047, 0.9715352654457092, 0.9712843298912048, 0.9711887836456299, 0.9712186455726624, 0.9715113639831543, 0.9714576005935669, 0.9713261723518372, 0.9716965556144714, 0.9712783694267273, 0.9717801809310913, 0.9716248512268066, 0.971666693687439, 0.9719235301017761, 0.9719832539558411, 0.9721565246582031, 0.9715232849121094, 0.971642792224884, 0.971947431564331, 0.9718757271766663, 0.9722700119018555, 0.9723595976829529, 0.971947431564331, 0.9724313020706177, 0.972568690776825, 0.9723595976829529, 0.9725627303123474, 0.9724432229995728, 0.9726702570915222, 0.972777783870697, 0.9729211330413818, 0.9728315472602844, 0.9726105332374573, 0.9727180600166321, 0.9727240204811096, 0.9729509949684143, 0.973046600818634, 0.973375141620636, 0.9731600880622864, 0.9726463556289673, 0.9730346202850342, 0.9732616543769836, 0.9727598428726196, 0.9729450345039368, 0.9731899499893188, 0.9729570150375366, 0.9731600880622864]
Validation Loss: 0.09042223542928696
Validation Accuracy: 0.9712903499603271
Epoch with Maximum Validation Accuracy: 74
Maximum Validation Accuracy: 0.971935510635376
Epoch with Minimum Validation Loss: 50
Minimum Validation Loss: 0.09042223542928696
Test Accuracy: 0.9716129032258064
Precision: 0.973037100949094
Recall: 0.9701075268817204
F1 Score: 0.9715701055352143
ROC AUC Score: 0.996496519828882
Average Precision: 0.996630536615244
Confusion Matrix:
[[4525  125]
 [ 139 4511]]

# System Information
CPU Usage Before Prediction: 3.1
Memory Usage Before Prediction: 7595872256
CPU Usage After Prediction: 4.2
Memory Usage After Prediction: 7597391872
Prediction Time: 0.5652718544006348 seconds
Validation Loss: 0.09042223542928696
Validation Accuracy: 0.9712903499603271
Validation Precision: 0.9736330235573806
Validation Recall: 0.9688172043010753
Validation F1 Score: 0.9712191441198663
Validation ROC AUC Score: 0.9955736848190542
Validation Average Precision Score: 0.9953404737322276
Validation Confusion Matrix:
[[4528  122]
 [ 145 4505]]
